run factors :
 P = ( 0.714286 0.61165 0.488482 -0.138702 0 )

 Q = ( 5.42857 3.16505 4.46545 -4.24832 -9 )

answer
X = ( 9 5 3 -3 -9 )
