input matrix: 
1.000	5.000	-6.000	
9.000	-7.000	-9.000	
6.000	-1.000	-9.000	

example of decomposition:
 Q = 
-0.092	0.873	-0.479	
-0.829	-0.334	-0.450	
-0.552	0.355	0.754	

R =
-10.863	5.892	12.980	
-0.000	6.347	-5.431	
0.000	0.000	0.131	

Q * R = 
1.000	5.000	-6.000	
9.000	-7.000	-9.000	
6.000	-1.000	-9.000	

eigenvalues by QR (eps = 0.01):
l1 = -12.7863
l2 = -1.82935
l3 = -0.384385
